axis: 0
	Kp: 0.00000000
	Ki: 0.00000000
	Kd: 0.00000000
axis: 1
	Kp: 0.00140000
	Ki: 0.14000000
	Kd: 0.00150000
axis: 2
	Kp: 0.00000000
	Ki: 0.00000000
	Kd: 0.00000000